6601
16301
7061
16761
4221
13921
4681
14381
5041
14741
5451
15151
2611
12311
3071
12771
6640
16340
7100
16800
4210
13910
4670
14370
5030
14730
5490
15190
2650
12350
3060
12760
6611
16311
7071
16771
4231
13931
4691
14391
5001
14701
5461
15161
2621
12321
3081
12781
6650
16350
7060
16760
4220
13920
4680
14380
5040
14740
5500
15200
2610
12310
3070
12770
6621
16321
7081
16781
4241
13941
4651
14351
5011
14711
5471
15171
2631
12331
3091
12791
6610
16310
7070
16770
4230
13930
4690
14390
5050
14750
5460
15160
2620
12320
3080
12780
6631
16331
7091
16791
4201
13901
4661
14361
5021
14721
5481
15181
2641
12341
3051
12751
6620
16320
7080
16780
4240
13940
4700
14400
5010
14710
5470
15170
2630
12330
3090
12790

